>> 
>> 
>> A
A =

   0.529170   0.848092   0.912122   0.436417
   0.095375   0.875045   0.830245   0.920119
   0.932489   0.319848   0.294371   0.904208
   0.289428   0.953238   0.847180   0.710842

>> B
B =

   0.688586   0.865536   0.326015   0.537520
   0.876956   0.252461   0.132290   0.565766
   0.987058   0.388778   0.010120   0.189094
   0.535573   0.207976   0.742877   0.353706

>> S = A+B
S =

   1.21776   1.71363   1.23814   0.97394
   0.97233   1.12751   0.96253   1.48588
   1.91955   0.70863   0.30449   1.09330
   0.82500   1.16121   1.59006   1.06455

>> S = dodawanie_mnozenie_varg("+",A,B)
S =

   1.21776   1.71363   1.23814   0.97394
   0.97233   1.12751   0.96253   1.48588
   1.91955   0.70863   0.30449   1.09330
   0.82500   1.16121   1.59006   1.06455

>> F = A+B+C
F =

   1.86484   2.62912   1.98727   1.87042
   1.82136   1.60276   1.72895   1.71369
   2.13659   0.72942   0.76199   2.02907
   1.56070   1.55748   2.09890   1.44047

>> [E, G] = dodawanie_mnozenie_varg("+",A,B,C)
E =

   1.21776   1.71363   1.23814   0.97394
   0.97233   1.12751   0.96253   1.48588
   1.91955   0.70863   0.30449   1.09330
   0.82500   1.16121   1.59006   1.06455

G =

   1.86484   2.62912   1.98727   1.87042
   1.82136   1.60276   1.72895   1.71369
   2.13659   0.72942   0.76199   2.02907
   1.56070   1.55748   2.09890   1.44047

>> 
=========================================
>> A
A =

   0.252293   0.394630   0.697911   0.297116
   0.830408   0.409515   0.406151   0.549642
   0.139819   0.014856   0.609324   0.641735
   0.313708   0.017467   0.016050   0.140028

>> B
B =

   0.49874   0.37724   0.13249   0.82147
   0.21878   0.31925   0.92295   0.64302
   0.63948   0.45995   0.60905   0.56418
   0.66931   0.66487   0.40778   0.13242

>> S = A*B
S =

   0.85733   0.73971   0.94387   0.89410
   1.13135   0.99625   0.95949   1.24741
   0.89215   0.76442   0.66503   0.55316
   0.26427   0.22440   0.12456   0.29653

>> S = dodawanie_mnozenie_varg("*",A,B)
S =

   0.85733   0.73971   0.94387   0.89410
   1.13135   0.99625   0.95949   1.24741
   0.89215   0.76442   0.66503   0.55316
   0.26427   0.22440   0.12456   0.29653

>> [F, G] = dodawanie_mnozenie_varg('*',A,B,S)
F =

   0.85733   0.73971   0.94387   0.89410
   1.13135   0.99625   0.95949   1.24741
   0.89215   0.76442   0.66503   0.55316
   0.26427   0.22440   0.12456   0.29653

G =

   2.65024   2.29326   2.25803   2.47650
   3.28271   2.84277   2.81722   3.15493
   2.36918   2.05398   2.08670   2.28311
   0.66993   0.58080   0.58452   0.67303

>> A*B*S
ans =

   2.65024   2.29326   2.25803   2.47650
   3.28271   2.84277   2.81722   3.15493
   2.36918   2.05398   2.08670   2.28311
   0.66993   0.58080   0.58452   0.67303

>> diary off
