>> 
>> A = rand(4)
A =

   0.968131   0.272994   0.026281   0.059977
   0.860752   0.929943   0.370556   0.824726
   0.619209   0.024381   0.652395   0.946911
   0.380442   0.398055   0.527141   0.024997

>> B = rand(4)
B =

   0.33229   0.49495   0.66180   0.45390
   0.44586   0.84367   0.96613   0.51234
   0.97712   0.48417   0.62338   0.22645
   0.22257   0.34184   0.77265   0.24160

>> C = rand(5)
C =

   0.409544   0.764931   0.812733   0.727568   0.854725
   0.240508   0.566588   0.909986   0.634037   0.907775
   0.274455   0.693379   0.961907   0.339603   0.026919
   0.332483   0.319688   0.584507   0.476906   0.574515
   0.041003   0.025830   0.928448   0.573269   0.291195

>> dodawanie(A, B)
ans =

   1.30042   0.76794   0.68808   0.51388
   1.30661   1.77361   1.33669   1.33706
   1.59633   0.50855   1.27578   1.17336
   0.60301   0.73990   1.29979   0.26660

>> A+B
ans =

   1.30042   0.76794   0.68808   0.51388
   1.30661   1.77361   1.33669   1.33706
   1.59633   0.50855   1.27578   1.17336
   0.60301   0.73990   1.29979   0.26660

>> dodawanie(A, C)
error: called from
    dodawanie at line 10 column 5
error: Blad. Macierze maja rozne rozmiary.
>> A+C
error: operator +: nonconformant arguments (op1 is 4x4, op2 is 5x5)
>> odejmowanie(A,B)
ans =

   0.635846  -0.221952  -0.635514  -0.393926
   0.414896   0.086272  -0.595577   0.312389
  -0.357915  -0.459791   0.029013   0.720465
   0.157872   0.056214  -0.245505  -0.216603

>> A -B
ans =

   0.635846  -0.221952  -0.635514  -0.393926
   0.414896   0.086272  -0.595577   0.312389
  -0.357915  -0.459791   0.029013   0.720465
   0.157872   0.056214  -0.245505  -0.216603

>> odejmowanie(A, C)
error: called from
    odejmowanie at line 9 column 5
error: Blad. Macierze maja rozne rozmiary.
>> mnozenie(A,B)
ans =

   0.48244   0.74272   0.96718   0.59974
   1.24627   1.67193   2.33631   1.15031
   1.06485   0.96661   1.57166   0.67006
   0.82454   0.78790   0.98427   0.50203

>> A*B
ans =

   0.48244   0.74272   0.96718   0.59974
   1.24627   1.67193   2.33631   1.15031
   1.06485   0.96661   1.57166   0.67006
   0.82454   0.78790   0.98427   0.50203

>> mnozenie(A,C)
error: called from
    mnozenie at line 15 column 5
error: Blad. Macierze maja rozne rozmiary.
>> potegowanie(A,B)
error: called from
    potegowanie at line 6 column 9
error: Blad! Nie mozna potegowac bo n jest macierza.
>> potegowanie(A,2)

ans =

   1.21135   0.54268   0.17537   0.30960
   2.17698   1.43710   1.04371   1.19007
   1.38467   0.58454   0.95008   0.69868
   1.04686   0.49683   0.51458   0.85089

>> A^2
ans =

   1.21135   0.54268   0.17537   0.30960
   2.17698   1.43710   1.04371   1.19007
   1.38467   0.58454   0.95008   0.69868
   1.04686   0.49683   0.51458   0.85089


>> potegowanie_tab(A,5)
ans =

  8.5049e-001  1.5162e-003  1.2538e-008  7.7613e-007
  4.7249e-001  6.9548e-001  6.9867e-003  3.8155e-001
  9.1031e-002  8.6145e-009  1.1818e-001  7.6128e-001
  7.9697e-003  9.9935e-003  4.0704e-002  9.7602e-009

>> A.^5
ans =

  8.5049e-001  1.5162e-003  1.2538e-008  7.7613e-007
  4.7249e-001  6.9548e-001  6.9867e-003  3.8155e-001
  9.1031e-002  8.6145e-009  1.1818e-001  7.6128e-001
  7.9697e-003  9.9935e-003  4.0704e-002  9.7602e-009

>> potegowanie_tab(A,B)
error: called from
    potegowanie_tab at line 16 column 21
error: potegowanie_tab: =: nonconformant arguments (op1 is 1x1, op2 is 4x4)
>> 
>> 
>> D = [2+2i 4-2i; 1+10i 3-5i]
D =

    2 +  2i    4 -  2i
    1 + 10i    3 -  5i

>> transpozycja_sprzez(D)
ans =

    2 -  2i    1 - 10i
    4 +  2i    3 +  5i

>> D'
ans =

    2 -  2i    1 - 10i
    4 +  2i    3 +  5i

>> transpozycja(D)
ans =

    2 +  2i    1 + 10i
    4 -  2i    3 -  5i

>> D.'
ans =

    2 +  2i    1 + 10i
    4 -  2i    3 -  5i

>> diary off
